000000000000000000000000000000000000000
000000000000000000000000000000000000000
000000000000000000000000000000000000000
000000000000000000000000000000000000000
000000000000000000000000000000000000000
000000011111111111110000000000000000000
000011111111111111111100000000000000000
000033333222233333111333330000000000000
000022222223333333221111110000000000000
000001111112222222222222222222200000000
003333333333333333333330000000000000000
003333333333333333333330000000000000000
000222222211111112222200000000000000000
000000000000000000000000000000000000000
000000000000000000000000000000000000000
000000000000000000000000000000000000000
000000000000000000000000000000000000000
000000000000000000000000000000000000000
000000000000000000000000000000000000000
000000000000000000000000000000000000000
